%IEEE 123 bus feeder is available at link https://github.com/saveriob/approx-pf/blob/master/casefiles/case_ieee123.m
%Data for paper 'Voltage Feasibility-Constrained Peer-to-Peer Energy Trading with Polytopic Injection Domains'
%Polytopic injections domain

prosumer_bus=[1;2;3;6;9;11;12;17;23;25;27;28;29;30;33;35;36;37;40;41;42;43;46;48;49;50;51;53;54;55];

kappa = 1.1436;

M =[

%  Columns 1 through 9

    0.0043    0.0076    0.0098    0.0134    0.0134    0.0137    0.0137    0.0138    0.0139
    0.0044    0.0077    0.0100    0.0204    0.0219    0.0352    0.0352    0.0353    0.0356
    0.0044    0.0077    0.0100    0.0205    0.0219    0.0352    0.0391    0.0354    0.0356
    0.0044    0.0077    0.0100    0.0205    0.0220    0.0353    0.0354    0.0397    0.0399
    0.0044    0.0077    0.0100    0.0205    0.0220    0.0353    0.0391    0.0355    0.0357
    0.0044    0.0078    0.0100    0.0205    0.0220    0.0354    0.0392    0.0355    0.0358
    0.0044    0.0078    0.0100    0.0206    0.0220    0.0354    0.0355    0.0397    0.0400
    0.0044    0.0078    0.0100    0.0206    0.0220    0.0354    0.0355    0.0397    0.0400
    0.0044    0.0078    0.0101    0.0206    0.0221    0.0354    0.0355    0.0397    0.0400
    0.0044    0.0078    0.0101    0.0206    0.0221    0.0354    0.0355    0.0397    0.0400
    0.0044    0.0078    0.0101    0.0206    0.0221    0.0354    0.0355    0.0397    0.0400
    0.0044    0.0078    0.0101    0.0206    0.0221    0.0354    0.0355    0.0398    0.0400
    0.0044    0.0078    0.0101    0.0206    0.0221    0.0354    0.0355    0.0398    0.0433
    0.0044    0.0078    0.0101    0.0206    0.0221    0.0354    0.0393    0.0356    0.0358
    0.0044    0.0078    0.0101    0.0206    0.0221    0.0354    0.0393    0.0356    0.0359
    0.0044    0.0078    0.0101    0.0206    0.0221    0.0355    0.0355    0.0398    0.0400
    0.0044    0.0078    0.0101    0.0206    0.0221    0.0355    0.0356    0.0398    0.0457
    0.0044    0.0078    0.0101    0.0206    0.0221    0.0355    0.0356    0.0399    0.0505
    0.0044    0.0078    0.0101    0.0206    0.0221    0.0355    0.0356    0.0399    0.0517
    0.0044    0.0078    0.0101    0.0206    0.0221    0.0356    0.0356    0.0399    0.0517
    0.0044    0.0078    0.0101    0.0207    0.0222    0.0356    0.0356    0.0399    0.0458
    0.0044    0.0078    0.0101    0.0207    0.0222    0.0356    0.0356    0.0399    0.0574
    0.0044    0.0078    0.0101    0.0207    0.0222    0.0356    0.0357    0.0399    0.0575
    0.0044    0.0078    0.0101    0.0207    0.0222    0.0356    0.0357    0.0399    0.0575
    0.0044    0.0078    0.0101    0.0207    0.0222    0.0356    0.0357    0.0399    0.0575
    0.0044    0.0078    0.0101    0.0207    0.0222    0.0356    0.0357    0.0400    0.0459
    0.0044    0.0078    0.0101    0.0207    0.0222    0.0356    0.0357    0.0400    0.0459
    0.0044    0.0078    0.0101    0.0207    0.0222    0.0356    0.0357    0.0400    0.0459
    0.0044    0.0078    0.0101    0.0207    0.0222    0.0356    0.0357    0.0400    0.0459
    0.0044    0.0078    0.0101    0.0207    0.0222    0.0357    0.0357    0.0400    0.0459

%  Columns 10 through 18

    0.0139    0.0139    0.0139    0.0139    0.0139    0.0138    0.0138    0.0138    0.0138
    0.0356    0.0356    0.0356    0.0356    0.0356    0.0354    0.0354    0.0354    0.0354
    0.0357    0.0356    0.0357    0.0357    0.0357    0.0355    0.0355    0.0355    0.0355
    0.0399    0.0399    0.0400    0.0400    0.0400    0.0397    0.0397    0.0397    0.0397
    0.0357    0.0357    0.0357    0.0357    0.0358    0.0355    0.0355    0.0355    0.0355
    0.0358    0.0358    0.0358    0.0358    0.0358    0.0356    0.0356    0.0356    0.0356
    0.0400    0.0400    0.0400    0.0400    0.0400    0.0427    0.0427    0.0427    0.0427
    0.0400    0.0400    0.0400    0.0400    0.0400    0.0427    0.0460    0.0460    0.0427
    0.0400    0.0400    0.0400    0.0400    0.0401    0.0427    0.0428    0.0428    0.0457
    0.0400    0.0400    0.0400    0.0400    0.0401    0.0427    0.0525    0.0525    0.0428
    0.0400    0.0400    0.0400    0.0401    0.0401    0.0427    0.0525    0.0560    0.0428
    0.0400    0.0400    0.0401    0.0401    0.0401    0.0428    0.0428    0.0428    0.0457
    0.0433    0.0433    0.0433    0.0433    0.0434    0.0398    0.0398    0.0398    0.0398
    0.0359    0.0358    0.0359    0.0359    0.0359    0.0357    0.0357    0.0357    0.0357
    0.0359    0.0359    0.0359    0.0359    0.0359    0.0357    0.0357    0.0357    0.0357
    0.0401    0.0400    0.0401    0.0401    0.0401    0.0428    0.0428    0.0428    0.0458
    0.0458    0.0457    0.0458    0.0458    0.0458    0.0399    0.0399    0.0399    0.0399
    0.0506    0.0458    0.0458    0.0458    0.0459    0.0399    0.0399    0.0400    0.0399
    0.0518    0.0458    0.0458    0.0459    0.0459    0.0399    0.0400    0.0400    0.0400
    0.0518    0.0458    0.0458    0.0459    0.0459    0.0399    0.0400    0.0400    0.0400
    0.0458    0.0541    0.0542    0.0542    0.0542    0.0400    0.0400    0.0400    0.0400
    0.0575    0.0458    0.0459    0.0459    0.0459    0.0400    0.0400    0.0400    0.0400
    0.0632    0.0458    0.0459    0.0459    0.0459    0.0400    0.0400    0.0400    0.0400
    0.0662    0.0458    0.0459    0.0459    0.0459    0.0400    0.0400    0.0400    0.0400
    0.0662    0.0459    0.0459    0.0459    0.0459    0.0400    0.0400    0.0400    0.0400
    0.0459    0.0542    0.0596    0.0597    0.0597    0.0400    0.0400    0.0400    0.0400
    0.0459    0.0542    0.0597    0.0630    0.0630    0.0400    0.0400    0.0401    0.0400
    0.0459    0.0542    0.0597    0.0630    0.0657    0.0400    0.0401    0.0401    0.0401
    0.0459    0.0543    0.0597    0.0630    0.0657    0.0400    0.0401    0.0401    0.0401
    0.0460    0.0543    0.0597    0.0630    0.0657    0.0400    0.0401    0.0401    0.0401

%  Columns 19 through 27

    0.0225    0.0225    0.0226    0.0226    0.0226    0.0296    0.0325    0.0348    0.0376
    0.0136    0.0136    0.0136    0.0136    0.0136    0.0136    0.0137    0.0137    0.0137
    0.0136    0.0136    0.0136    0.0136    0.0136    0.0137    0.0137    0.0137    0.0137
    0.0136    0.0137    0.0137    0.0137    0.0137    0.0137    0.0137    0.0138    0.0138
    0.0136    0.0136    0.0136    0.0136    0.0137    0.0137    0.0137    0.0137    0.0137
    0.0136    0.0137    0.0137    0.0137    0.0137    0.0137    0.0137    0.0138    0.0138
    0.0137    0.0137    0.0137    0.0137    0.0137    0.0137    0.0138    0.0138    0.0138
    0.0137    0.0137    0.0137    0.0137    0.0137    0.0137    0.0138    0.0138    0.0138
    0.0137    0.0137    0.0137    0.0137    0.0137    0.0137    0.0138    0.0138    0.0138
    0.0137    0.0137    0.0137    0.0137    0.0137    0.0137    0.0138    0.0138    0.0138
    0.0137    0.0137    0.0137    0.0137    0.0137    0.0137    0.0138    0.0138    0.0138
    0.0137    0.0137    0.0137    0.0137    0.0137    0.0138    0.0138    0.0138    0.0138
    0.0137    0.0137    0.0137    0.0137    0.0137    0.0138    0.0138    0.0138    0.0138
    0.0137    0.0137    0.0137    0.0137    0.0137    0.0137    0.0138    0.0138    0.0138
    0.0137    0.0137    0.0137    0.0137    0.0137    0.0138    0.0138    0.0138    0.0138
    0.0137    0.0137    0.0137    0.0137    0.0137    0.0138    0.0138    0.0138    0.0138
    0.0137    0.0137    0.0137    0.0137    0.0137    0.0138    0.0138    0.0138    0.0138
    0.0137    0.0137    0.0137    0.0137    0.0138    0.0138    0.0138    0.0138    0.0139
    0.0137    0.0137    0.0137    0.0138    0.0138    0.0138    0.0138    0.0138    0.0139
    0.0137    0.0137    0.0137    0.0138    0.0138    0.0138    0.0138    0.0138    0.0139
    0.0137    0.0137    0.0138    0.0138    0.0138    0.0138    0.0138    0.0138    0.0139
    0.0137    0.0137    0.0138    0.0138    0.0138    0.0138    0.0138    0.0138    0.0139
